1403638227.195096969604492 -0.2401569461311538755676764 -0.04284139189470077130339476 0.01870211133770671371734373 0.6241828218330570665628443 0.5524739942624967703466154 0.418206193686779470475301 -0.3609319467076597676147287
1403638226.945096969604492 -0.2385205297778413557896471 -0.04383783921250365700483798 0.0115502162417677675665395 0.6238166163336631431235446 0.5526483804440690539294678 0.4186329723422053117332098 -0.3608033137964466452451973
1403638226.645097017288208 -0.2372658199583690952216841 -0.04665435263118364317413977 0.002348296780338984552499726 0.62344874860933452431766 0.5523311801549525279497743 0.4189531177448488907799629 -0.3615525002236370522012976
1403638226.345097064971924 -0.236373720982970159099068 -0.05365042353162689792167583 -0.009396976597396059296962711 0.6237908580168811667476803 0.5530679467831152162915487 0.4184873155517527254509957 -0.3603736649894944688021781
1403638226.04509711265564 -0.2085129299714503781082442 -0.07280914245334875467552394 -0.009259390284302407292393866 0.6250573045203967614824592 0.5531793561158198091476379 0.4169906191268201722799347 -0.359742671354419785156864
1403638225.595097064971924 -0.1775736986128642336257855 -0.06234614526697108971564631 0.1239020561140500992225455 0.6048777603434684069227956 0.5320745392762595837865547 0.4488017569252351068875839 -0.3867771485967703148922681
1403638225.145097017288208 -0.170697564562489884076868 -0.08405613347784858524480711 0.12929865433451573353274 0.6193441701044977154566595 0.5320395524590753044691382 0.4297770775210166815938351 -0.3855364797450584468663237
1403638224.695096969604492 -0.1456171162058829959828898 -0.09131980088446763066389877 0.1471301318732647356313237 0.6198664096424740810320486 0.5398887205929897570300113 0.4312521093038702013622299 -0.3718970580609317622133858
1403638224.245096921920776 -0.1315537248714842566421623 -0.0736295298143096882403924 0.2082539807925838648561268 0.6242341178578788563058311 0.5501606235519920229393165 0.424670756191038611948585 -0.3568049932823399994497038
1403638223.695096969604492 -0.1630589829111243338477522 0.01879472955779430687339726 0.2922081661296580534781242 0.6244233690954245075133144 0.532989197957494664770195 0.4250087205185537619911429 -0.3812945822737688894576991
1403638223.195096969604492 -0.16023979751250388980921 0.1341763497712323560673298 0.3284941738672787492347993 0.6201606781171891125126194 0.5394994186811539194081888 0.4301281406855663180799354 -0.3732705361400799892734881
1403638222.445096969604492 -0.1378693457699742830335765 0.3179218433102597440864656 0.4184954327253831984911869 0.6259148733858295177157061 0.5463939893355755916815042 0.4226372559763928449250159 -0.3620247637290869291426532
1403638221.695096969604492 -0.1309472158401595587307042 0.6174488244426098448869311 0.4087615840426124247386497 0.6228370934837711425657858 0.5364350169222392716861236 0.4277235566547762379840947 -0.3759840245049164697555
1403638220.995096921920776 -0.1089147670571199849609556 0.9632308812437896383684688 0.4580328785500188959467494 0.6138311203314299469013804 0.5418306655167898222558165 0.435892968186741114333671 -0.3736685776241387979546005
1403638220.195096969604492 -0.1701061427662157177209679 1.403709460971722666755568 0.4309529788481170631264661 0.6205060817560335006959349 0.531663424746909196727529 0.4186224484223834418905597 -0.396309791661789867500687
1403638219.695096969604492 -0.1570166787870463931398035 1.667567353754536352283822 0.4729695481326129935517599 0.6030730293788461038317905 0.529320961327924832673375 0.4438730157036283596738713 -0.3988721437564544669562849
1403638218.995096921920776 -0.1037060948146415889636884 1.896416950966333558881161 0.4904768559941536376634019 0.6082316603590239845189558 0.5521282940013898521414148 0.4209469483808902512400607 -0.3847236163128486263751427
1403638218.345097064971924 -0.1019598400285849637558755 2.063424747772804934697888 0.4350022518613256283792623 0.5764278564930330750470944 0.5665898327912806120565392 0.4438048465167593881197661 -0.3869678873558265452814453
1403638217.695096969604492 -0.367408273145044705909612 2.152593850578394807371296 0.3807274567268159604083166 0.5915530074252152159530738 0.565237296392658628008121 0.4331264333129840049529946 -0.3781181441540121257460783
1403638217.04509711265564 -0.8924368800210868979405632 2.222401532780979849235337 0.47912454108048413425891 0.5595376065813904009615953 0.5841761109255863004818821 0.4130165890067982181754758 -0.4184175372163742578912604
1403638216.395097017288208 -1.576459431620396811624119 2.190592758622190494577353 0.565246567166794111614081 0.5468597909351099461972012 0.5993513447595059107086968 0.3974352195717134050845232 -0.4286812112017082676551638
1403638215.79509711265564 -2.355991353905476426433552 2.05316921865108481526363 0.6419972002788122411587324 0.5368908608691812522906162 0.6120944613315032478695343 0.3851908520268940705477689 -0.4344152177781546719792516
1403638215.29509711265564 -3.113802107820621500877678 1.861303848385865045145238 0.7260120357058823525875368 0.5383554491695505817006051 0.6138237296537923937123082 0.3803953427455416536062671 -0.4343883314280681529062633
1403638214.745096921920776 -4.060120274956805275223815 1.587910489385878864965207 0.8401677502449277357143842 0.549391212122065875078647 0.6093480109859308324615768 0.3758529387067995330973247 -0.4308118684716104596077457
1403638214.195096969604492 -5.081952217350888645341911 1.311383461316689036380012 0.7965905193164136699479627 0.5704803224279109130634424 0.6027420980951641027445476 0.3724704179642053802901103 -0.4153552126168112423876266
1403638213.695096969604492 -6.072815201647497218573335 1.13184287402098004982065 0.73229004898758620623056 0.5707352670515849490939786 0.5979772723921629173915449 0.3474611636155780503010249 -0.4426682464610416367634116
1403638213.245096921920776 -6.919609259761567265911708 1.039952560220261501555683 0.7342230663472723017903832 0.4880366898680272846888784 0.6641840703446064697601514 0.2955563573027508161850108 -0.4830384557165801062694754
1403638212.745096921920776 -7.786463074420269414588347 1.025606935323391644132585 0.6701408329028780697100842 -0.3701558116469889636590551 -0.7267405270162202723938094 -0.2326812490049769976963034 0.5298040372228484118366509
1403638212.345097064971924 -8.42926681942185318519023 1.033425747901193680888809 0.7167832585218462115861371 -0.290931266386914688659715 -0.7601576281644448762619959 -0.1725495872792632001679891 0.5547486083909253240520343
1403638211.845097064971924 -9.16375791634790815010092 1.111328629723773664395026 0.9587352647278982731293695 -0.1847707599335723094302608 -0.790688522580259012251247 -0.09067853865945305069651283 0.5765837572807644972883168
1403638211.345097064971924 -9.827598497482330941465989 1.313714652015254724659599 1.275986995552639280404605 -0.0967294457064561824521931 -0.8047226445280071249754883 -0.0483206914249057692400946 0.5837208155423206923373414
1403638210.79509711265564 -10.48178627505822113619161 1.638839833574908588786911 1.660988744342965617306618 -0.08966834732683572062317268 -0.7909073465904364885759037 -0.05509044006851890329379273 0.6028185465046728142013421
1403638210.245096921920776 -10.94443760518598907083287 2.010037257577480307446649 2.161698740570319632325891 -0.08646612102115668052615405 -0.7925977611864086780357752 -0.05626084813680803931035257 0.6009551695798732717790358
1403638209.79509711265564 -11.1669070056314367889172 2.330861677060984238352148 2.593965388914739378378727 -0.0895472215386944603299213 -0.807362758331983565440737 -0.04974609225976033000105048 0.5810955152796779543677985
1403638209.29509711265564 -11.34512665385970997533605 2.746936445445358199179964 2.835654073951702436318101 -0.08829185533070511848752204 -0.8096652424238709455650564 -0.04882481061699979474344246 0.578154720953803491489964
1403638208.79509711265564 -11.47092972578620795331972 3.24408876047647964924181 2.863264000537012687885863 -0.1067615462478948284985591 -0.809159995240190443865913 -0.06175107203214044021555296 0.5744988071776434557236257
1403638208.245096921920776 -11.53172923281174533371995 3.881610711044487072030051 2.8896398620215850705506 -0.1308644498088398777646546 -0.7985623959386458636799944 -0.08270116298052009040642218 0.5816640896691392947914778
1403638207.79509711265564 -11.5029348916068769881349 4.467458101678481341423321 2.854297762880504407689841 -0.1345697999597376404157245 -0.7946914256009117716317292 -0.09354068845614933735976848 0.5844712538853696903728974
1403638207.395097017288208 -11.37036038228294998475576 5.027875980848086179264556 2.910283521690744557020025 -0.1794112160936828237467466 -0.7701780012833708832786783 -0.1448611266202251279811009 0.5946870739079983536612417
1403638206.945096969604492 -11.04403823926924843590314 5.599147399856472695489629 2.972856111054282823857875 -0.2030403602724339673368803 -0.773182799305175083581787 -0.1627387124932431206048022 0.5783416658127747966844368
1403638206.445096969604492 -10.51883552557428203044765 6.166810924226785672885853 2.885460500168825603850564 -0.2274233667169667794105692 -0.771869398403699280564183 -0.1946366866544065321598111 0.5609035605941775637361957
1403638206.04509711265564 -10.0209840645422385563279 6.531486699959968333928373 2.704329572013291826948489 -0.2784795108956291675994521 -0.7585278099725892841931341 -0.2599748682681164990704303 0.528675506694318286804446
1403638205.595097064971924 -9.495666607503043366023121 6.75456356230458521139326 2.541473279821062636329998 -0.3590034020110671741932151 -0.7275946039586241864682847 -0.2987507371821823132229667 0.5024645725500214155090362
1403638205.145097017288208 -8.997728000944174908681816 6.844058303288849565149121 2.504011260482716494379929 0.5115178148997457929780808 0.6435264253634151998539892 0.3660026236490521167610268 -0.4361941590406553381775723
1403638204.695096969604492 -8.506388667827463834214541 6.933369204677539698877808 2.51516687425324558802231 0.6074321696621185484588068 0.5611436628329410369886432 0.3815474461439801179274411 -0.4129957569552117346844966
1403638204.29509711265564 -7.957337533529828199618805 7.060218360698880424308754 2.424429427852782037433599 0.6004068374430434618105323 0.5621550740990097771998535 0.3981891810582459667600119 -0.4061264314281243237303443
1403638203.845097064971924 -7.196381893978139210332756 7.240700521352709806421899 2.359638656832586889322556 0.5889182462746304080880577 0.5607069284597835379102548 0.4192905277054875257114475 -0.4037059486290272558584036
1403638203.445096969604492 -6.43063773403176686116467 7.376903142737149643437533 2.402379108440785060452072 0.5868098197847161356932588 0.5604194722057697086725625 0.4228704257842648139842368 -0.4034412640941306693598278
1403638203.095097064971924 -5.696914647731233571903431 7.478230276568632817202342 2.435175880233561240828521 0.592769043741064205477187 0.5652977889899147845298444 0.4144760794493730360343875 -0.39657641143882377265939
1403638202.495096921920776 -4.296475041523299509549361 7.652781623981247172139319 2.581231593673841473446373 0.5912844701340709274717256 0.5687292575817651796299401 0.4155583873706846786966196 -0.3927351953093091152524607
1403638202.145097017288208 -3.393959026652477284358156 7.783098506848643793887277 2.61148705804628988857985 0.5877869813589166048117818 0.5598294757721841152786624 0.4372392997487369870057705 -0.3871940306317341873310056
1403638201.79509711265564 -2.46988606436764346341306 7.877463263350275468610562 2.693829442164635157297425 0.5886318349070437383474541 0.5523257862686591357359589 0.4559335502982737597932328 -0.3749311756430582787125161
1403638201.495096921920776 -1.685287719237468895272514 7.921242475420360307225565 2.727162309146943464099877 0.5886658960998404355180469 0.5565157688590768314540469 0.449920578461595499497605 -0.3759443241451396744423619
1403638201.145097017288208 -0.7721916854638304350544331 7.952704655049696036428486 2.681151276274715389291714 0.584586668759336514078484 0.5631095160398262855494522 0.4492127249867344240819023 -0.3733283104242792194149558
1403638200.79509711265564 0.1165222169225813703130612 7.966333322430975805161779 2.54651219655510896444639 0.575778421042169252785925 0.5652716165167335216068523 0.4779631740413354812346824 -0.3471288142506721574598316
1403638200.495096921920776 0.8064281348499326984580193 7.958349030170065674383295 2.395712045488862962372423 0.6032753030976732988577282 0.5275280235365903402922072 0.4880167870493287152200423 -0.3458507027808955247571987
1403638200.145097017288208 1.541215879471526495336775 7.920178014997383719730806 2.284666024259971450760531 0.6493658846599893452733454 0.4894821259915287381403459 0.4864137722968840393811263 -0.3195822872039030260182813
1403638200.04509711265564 1.741031672116322148724521 7.90596307889137506208499 2.263263290158283425057562 0.658241493740747696250537 0.478605088598476058336928 0.486739164001298019179842 -0.3173961110551161701742728
1403638199.595097064971924 2.602989719434713578039009 7.838937814287994854112185 2.117460335497894696743515 0.6534047147979601399825356 0.4695378574696592033355103 0.526161147039010401726955 -0.2752288619116667889308303
1403638199.145097017288208 3.264800426842163538765362 7.772962079903080301335194 2.030174175292248861524058 0.6557364871759836510989317 0.4661917904040373539231723 0.5245147654574466855592618 -0.2784944070589193687581542
1403638198.695096969604492 3.674321851904248426023969 7.710748521406777022946244 2.130721620850263064994579 0.6616243839626880784976493 0.4624155529646435391910586 0.5175101229928931179102847 -0.2839160149098273189238739
1403638198.345097064971924 3.851166372682297112106653 7.657831981074592064828721 2.278460130525928661882062 0.6766975805464096049846034 0.4387424397302073786342191 0.4986046428312200795573972 -0.3177717202794677064936479
1403638197.895097017288208 4.040100352830423346972566 7.528693447919709846871683 2.325363840906227164140319 0.6776272189294484382671158 0.4436907116422477703743255 0.4983022581906864645340249 -0.3092810437941512224924168
1403638197.395097017288208 4.19381047538169582367118 7.333731917546740142199724 2.168556205138460146741863 0.6824678633723256782062094 0.4487939848145258148193193 0.4929331467162592073094629 -0.2997306916662335618539714
1403638196.945096969604492 4.290351711593980432724038 7.170019393453265443838518 2.141802222345979611617395 0.7025673502557302496640546 0.4476662794043709814317822 0.4639574022967888899948719 -0.3012267409990445621303934
1403638196.645097017288208 4.39163555102038483113347 7.094425079329134575800708 2.168299743520602174129408 0.7012470917103391654379152 0.4484453589250290139744948 0.4648928871736996981667289 -0.3017016405021604730229967
1403638196.145097017288208 4.614417502001308513115418 7.037952810728476116253205 2.113071532133487639981695 0.7017199399603565312943942 0.4515870141326855380370375 0.4632008677248075634302893 -0.2985016761556704145696983
1403638195.695096969604492 4.879010679719407050924929 7.086367752867113622983197 2.132674642474646553580442 0.6943486210603918573625037 0.4450705513500116117242555 0.475326472057997828635223 -0.3063608031609564852359995
1403638195.195096969604492 5.260621214261420597324559 7.264158992158080252465879 2.216175266223649575891841 0.7027789665507298000335368 0.4517002312964829013886003 0.46328738013325321265512 -0.2956914415904843274063296
1403638194.845097064971924 5.589349717953586704766167 7.489908343480728092345089 2.217840473764761011210567 0.6963095279763014122664799 0.4475879122534904275276801 0.471798783490255335681951 -0.3036840627216012555855684
1403638194.345097064971924 6.116359395567355861089709 7.874734973120268044510794 2.156135980277639863089689 0.6754600299051269907124606 0.4381947647601903139680246 0.4973736827786883751834068 -0.3230456868873056719415615
1403638193.895097017288208 6.607385413720002098614259 8.186747774995302151523902 2.098962796003001063382953 0.6790670956557030013556187 0.4438412171031043684799045 0.4896752580438854529631953 -0.3195168152974388053877419
1403638193.445096969604492 7.104812353815955994207343 8.455593127006443054938245 1.926771643491716368146172 0.665790407389338034782611 0.4272386145295213877304263 0.5144964325739452837282784 -0.3308832430811784464097514
1403638192.995096921920776 7.590060061106520983287282 8.558373764845867981421179 1.751823567045313501111536 0.6715123038089075846457376 0.3904670965388531977957598 0.5329276090107948338214783 -0.3355515398680337657566497
1403638192.595097064971924 8.00223680842392504075633 8.458516780559509840031751 1.613402274964352844932591 0.691145500027856130031978 0.4200451641281549020057184 0.5091628125674430016545102 -0.2943351630067448931882268
1403638192.245096921920776 8.341944801095241501798228 8.332999090201079539497186 1.4906611885638525460962 0.7000596767635182127165194 0.429647348193636591240363 0.4975198101638624859077709 -0.2789151190854464168467075
1403638191.79509711265564 8.766288342606644690135909 8.233482570565961111697106 1.476762352834127822731602 0.7021556556274267668626976 0.4319578778854152312227654 0.4943221388297400764599843 -0.2757452629981850256157827
1403638191.345097064971924 9.184457573277182262927454 8.20862981229960197993023 1.427821680072698162788924 0.7012223437161698713637747 0.4258549398025838206294225 0.4923334155301795633796758 -0.2907621070073040936421194
1403638190.845097064971924 9.647878810570057694917523 8.178491692133789570107183 1.374677276712398032998408 0.6885062397388490573746367 0.4225889099295268569456141 0.5143489436173361850634933 -0.2877897413824456740449875
1403638190.445096969604492 9.9396205155039663026173 8.111627826461356605136643 1.432242115777998092696066 0.6908453172943322950771972 0.4118304372339595120777744 0.5311218000604951416931954 -0.2665296832262379345124259
1403638189.945096969604492 10.21110755083002530341219 8.034160997268660509007532 1.407063331841645892339443 0.7354926538914797751189667 0.4007286778219129042000191 0.4764111322607350595959019 -0.2673939339267331627425506
1403638189.595097064971924 10.45377804305645419447046 8.032723586863030007521047 1.320619594837843413515088 0.7234307967650109860713314 0.3861833922328775647869747 0.5050394104214146473452729 -0.2691569500805040537905199
1403638189.245096921920776 10.72064282547265356981825 8.036803729835524379154776 1.248302932829104205936233 0.7192989431887363283024683 0.3347740277009144116426853 0.5519705116180303461348444 -0.2566396988164620918126957
1403638188.845097064971924 10.9577416556413478332388 7.961326742589375449199451 1.138811626163211077056303 0.7213132864582388892316089 0.3027828824925017370262026 0.5771526132327654545761675 -0.234359829934518176797198
1403638188.54509711265564 11.04379994925385055637435 7.830988193960795484827031 1.134303108555073436036764 0.7149133231557704970526856 0.2862815830924230753318227 0.5957123989354180526589744 -0.2281853047658380928552901
1403638188.145097017288208 10.97997230785580491385645 7.540450145773647250280192 1.136644001613416721241379 0.7381685809182917390458556 0.3189492974835441696512817 0.5627427463477695512850119 -0.19157007389673083586068
1403638187.645097017288208 10.71343302830229582411903 7.156936548778486617550243 1.030883037555284875708139 0.7507836074998189834772688 0.3008065584207857967591337 0.5485301893353923263774163 -0.2120236319570977800985645
1403638187.195096969604492 10.3575564208362145279807 6.766625282678774944145061 0.9034364554835910832153445 0.781710944426087239733647 0.2350019175944338123418476 0.5574126008943063315115296 -0.1516353865549156243464068
1403638186.695096969604492 9.877045889825254221250361 6.37040726312614591364536 0.8724600046285490018149744 0.8050647744131746996743004 0.1721112343158231750006593 0.5581890184410178701313043 -0.103312398642181377250715
1403638186.345097064971924 9.520536299919367451138896 6.154462848942364949778039 0.8203729369512325897417782 0.8063811527171492743448766 0.1676691309404174101693741 0.5553956661942561767730808 -0.1147700006311981185680438
1403638185.895097017288208 9.054085719646892016498896 5.868185908630728420121159 0.796349564152164401953371 0.8019733289494931360863461 0.1549439292170462223463545 0.565019098034540645514312 -0.1165528948962015615142818
1403638185.445096969604492 8.540143531409869481763053 5.577327402930910338341164 0.7251412664718095424376543 0.8082322287816618988642858 0.1315682725196505864495577 0.5705574194069734650369696 -0.06256744508510246605137439
1403638184.995096921920776 7.958924555075526541259023 5.386355734382129334392175 0.6616192316285381957996492 0.812618158105890775466662 0.1189857200817853732921492 0.5660488655616763287170556 -0.07129382392288907688282507
1403638184.595097064971924 7.417528261583486326458114 5.266010317392893824717248 0.6229307633041616387714612 0.8147318569362499429686864 0.1211988246225448456749874 0.5625963426924616150870406 -0.07076864695887422063158567
1403638184.145097017288208 6.787114885571448930079441 5.193099608878110728937827 0.5644709259746445439986928 0.8158630508138158266007167 0.1245310074196301630689021 0.5601837148462889270916776 -0.0710894938006785548356703
1403638183.845097064971924 6.355877141046836875659665 5.183861626937675382009729 0.5043788011666869852689388 0.812106573633939232692569 0.1260435570583846309755671 0.5651840664132632419125457 -0.07185336357597534029384434
1403638183.395097017288208 5.683655820451338769316862 5.234979805946095687829711 0.5021547555450899258389086 0.8218528161675429100085921 0.1214350869338921695694822 0.5512110405188868078596443 -0.07731660254384761787882496
1403638183.095097064971924 5.25053453334949526976061 5.310490879248716211691317 0.4831102155537663755957567 0.8170471275787973830517785 0.1125264091829449725201684 0.559114086912937291451442 -0.08463590471626933342541577
1403638182.595097064971924 4.556754927500979768240086 5.470388112017251280860819 0.3611771290607644346870586 0.8306887340884903103699344 0.102328150432346748344159 0.5417595038456439748841831 -0.07734220504018556041625487
1403638182.29509711265564 4.191476858430926988319243 5.581148065655158418962856 0.3218220611624687532703604 0.8251645666943336898668804 0.09441362884047604930870534 0.5492319512254558722119668 -0.09237839744444613365725871
1403638181.995096921920776 3.851915075221038708974675 5.681212894722997397423114 0.288511386532033509144668 0.8081002252398935548072245 0.1213741397176271302749129 0.5663393323489216424349024 -0.1072478662240755747925292
1403638181.645097017288208 3.435898873896591432242076 5.77049546798076828935109 0.3148038267860269190379086 0.7873085918653935921796005 0.1677154339304216534856096 0.5658389575772658774965862 -0.1784460380180372396363708
1403638181.195096969604492 2.876731544909211013560935 5.749640148388337479445909 0.4104661675794205599743236 0.7964441525314451819639316 0.2410228371701998717480109 0.5249764818976130342775832 -0.1788418220531781954729666
1403638180.945096969604492 2.591725617227992550795079 5.719762287812043766166425 0.4289781379609883260606296 0.8007236100140265877556089 0.2423140487873994275425105 0.5221436272952073576192333 -0.1658060149734208732485996
1403638180.445096969604492 2.091169156540632290131043 5.716844964565323650163009 0.4853840689326529567182433 0.7987726707293263395115446 0.2278533804789992789352482 0.5304002010701913683021758 -0.1694717799662598389787149
1403638180.095097064971924 1.789391840302470226831133 5.735952577052177758787366 0.5169724055296412990045951 0.7917252887869205002502326 0.2394986215603925328032631 0.5312426741379541184073787 -0.1832831103530676575275038
1403638179.695096969604492 1.476525187603244138045966 5.760554688503095377427599 0.573344728493615063413813 0.7616535804946178433993964 0.3031974358110220424400438 0.5245806558256219664926334 -0.2297178133513165521062405
1403638179.345097064971924 1.213818381262666612485646 5.767279883876235579975855 0.6754442880052583531025334 0.7495204621065093553156089 0.3704080594004896531679094 0.4881290117317882426561937 -0.2504935414747371802413056
1403638179.04509711265564 1.021421494317777511895429 5.799829749313199833693488 0.7496320671261188506306894 0.7339400039660329833068886 0.380833476670848991574303 0.4837770468771824261544623 -0.2868060364426208708188426
1403638178.645097017288208 0.8145581437259079571333587 5.842923221273619738269645 0.7999013434827553226114105 0.6900797014749724400672903 0.4283870697162463492269069 0.4750662164924996933024204 -0.3385064461123930557029382
1403638178.245096921920776 0.6454970995793090082770505 5.812772993100536744748297 0.7881389619829999304556623 0.6347824189544407635921175 0.4926254270821737724084244 0.4564965006592838769883258 -0.3820764505492103557671157
1403638177.845097064971924 0.5153969288467029619127402 5.679186876183952570329438 0.8479461829272736395068932 0.6319745577108558665102578 0.5203597153673187314382176 0.4283043935156420345400363 -0.3826085094769972050343654
1403638177.595097064971924 0.4573472456326464485876215 5.5778332921045770120827 0.9143419634448394228698476 0.6223958301566372419699746 0.541112319550457021577472 0.4349327161969949173681016 -0.3614615064095468843774484
1403638177.29509711265564 0.3614998932880755244667625 5.470766346101528121437241 0.9648406411994828735245733 0.6126791192958859211259437 0.5513644985983990887135064 0.4458520544167393073742289 -0.3490521909923021137700516
1403638176.79509711265564 0.06936795005550655535131455 5.334174405335072144396236 0.9338563468281136925597252 0.6120190330619509344600715 0.5489805591966923081770346 0.4456946409563803945808047 -0.354131805711891234356159
1403638176.345097064971924 -0.3556035469731000375759322 5.248660757428003975633146 0.9408207656062896884208158 0.6114882645324394294661374 0.5498286698399504901502155 0.4437291781481272900933277 -0.3561951047124645164387857
1403638175.995096921920776 -0.8055105445541631548067585 5.230624209090001919264523 1.018886305914287859764045 0.6436701101875351715975171 0.5747960355157972767159436 0.3971369124413559603681279 -0.3123789038700205966669898
1403638175.745096921920776 -1.175154085281280069708032 5.321940689734121932019661 1.070652911879854896071151 0.6495132709742993393220445 0.5660559766825604688378348 0.3926852454311611784198988 -0.3217319382823033979690308
1403638175.395097017288208 -1.737024316361237774586357 5.616556203310793193850259 1.128521059115121127902626 0.6351764534329346068020072 0.5484404197758945276319764 0.4160197086047880410397681 -0.3502735802380576579651006
1403638175.095097064971924 -2.263131033438881445363222 5.97606620127956045251949 1.249690781488151491984695 0.6305247093622232679166473 0.5430579896929834671226445 0.4180062796176355899291366 -0.3644137221819757077589941
1403638174.79509711265564 -2.824142767061545544748924 6.418288143042023996542866 1.430225330335608946441539 0.6297384897018659666301232 0.5410860446930048084368536 0.4174724874921631467827865 -0.3692858635442172188234622
1403638174.54509711265564 -3.317797834765921827226975 6.836973960518717419176937 1.628120123439407374021926 0.6263961960603369183431255 0.5299312120019921135138929 0.4232352509645307958585647 -0.3842819777822401028366528
1403638174.195096969604492 -4.030380827494199458271851 7.473637581971134480340879 1.946220735113643574010212 0.6174283847930867041853276 0.5191452882524608680725464 0.4381577178604327826860754 -0.3965957307087493166619652
1403638173.79509711265564 -4.885984688009374465877954 8.185718945947392910511553 2.30812903709903727289543 0.6133228203293220603953273 0.5169181442817271099343657 0.4412801452415761049863363 -0.4023712012448147357090988
1403638173.495096921920776 -5.557613924745963274176574 8.683479915769444446027592 2.605905927555948409235498 0.6152495377215752014876671 0.5121406311819698409237844 0.4353409710151086575713464 -0.4118958839094460921970153
1403638173.095097064971924 -6.428510987265374510002403 9.314051961922832134632699 2.918148659081759799249767 0.6237951641256322954376401 0.482460308559239547943065 0.4239567706036195815499923 -0.4453900543767773667624965
1403638172.745096921920776 -7.09479744970135239867659 9.763255587014501912790365 3.109145743457224497774405 0.6190348382085075762404358 0.476062686321703287806173 0.4444788190201793276479236 -0.4388607606277384887150106
1403638172.395097017288208 -7.705188495616259736209486 10.06789608499148869213968 3.234883763147126778392249 0.6229009985363836987559694 0.4783212481278882877155922 0.4475631782487867194042508 -0.4276567912328766429830296
1403638171.995096921920776 -8.336310099039931031938977 10.27446527111975704826818 3.239800278789803034129591 0.6208548953224939381811964 0.4796463368318673592405332 0.4368372196180302369228343 -0.4400588984150358151659077
1403638171.645097017288208 -8.798510456740674001707703 10.29225654204505246980261 3.255512389427154040788537 0.6066567409681590250514205 0.5087154501506646608888218 0.4203616359915527955770642 -0.4432519423560419280505585
1403638171.345097064971924 -9.122995190069712378999611 10.20642829228146020170698 3.271261194956942119915766 0.5954966054967238964223952 0.5293249634431328454198251 0.4111155253567981837647949 -0.4429253895730175250022853
1403638170.895097017288208 -9.517602919733707977911763 9.935985133598276064503807 3.259555382332504969156162 0.5576277766837474114680617 0.573441691986548152115688 0.3786442508192946476697216 -0.4656655665645044739342495
1403638170.495096921920776 -9.757401945775853846498649 9.575823760175197207900055 3.22496679601374580670381 0.4986541279370485524324863 0.6315911338445263645269279 0.3421855269613924832583507 -0.485124484517614640299854
1403638170.145097017288208 -9.903047199203097505915139 9.188795333784664620679905 3.223321845867448409705958 -0.4221048956349637282237097 -0.6773006831344220435298098 -0.3221088477157169616127419 0.5092515409204912968377243
1403638169.79509711265564 -10.01737704201327083808337 8.69903335525090959379213 3.17502116943730605669316 -0.3790625791533767663388232 -0.715527913997684450464476 -0.2473844569481923327813888 0.5321017720663595573782345
1403638169.445096969604492 -10.06736166332948378965284 8.160943304621312677227252 3.209729531580459926942694 -0.3385280188773457932249755 -0.7389113092162646889704547 -0.1961005598065734267798632 0.5485922237790407107738133
1403638169.095097064971924 -10.02947662882194990174867 7.632140127345497404576236 3.265113991444624108595463 -0.3111380877322605376100739 -0.7728679267775063754797316 -0.2190941336400294703334879 0.5078050991526925628249955
1403638168.79509711265564 -10.03948868872254074346984 7.171529968423087098017277 3.261225081878142972868773 -0.3146284556262717857499922 -0.7757495461963813676575796 -0.2173415936013388116698763 0.5019802866419826870014731
1403638168.395097017288208 -10.13481512803294393165743 6.551742786330978063347175 3.168461932882470577510503 -0.3031910337411857225831113 -0.7655631665577854461091079 -0.174403586792052117671048 0.5399737252709940760198037
1403638168.04509711265564 -10.20693238675877623222732 6.032657369247944600942901 3.088098121700046494453318 -0.267012913848708510755614 -0.7802815226137324033928167 -0.1340757541680860087662808 0.549443847403787710703682
1403638167.695096969604492 -10.24540570447406828691328 5.573869033812297146823767 3.052562064580532030788618 -0.2205549485631634887283781 -0.7996683769273724706749817 -0.1190597146825880248144358 0.5456287986775829601526766
1403638167.345097064971924 -10.29873564223557380614693 5.166628139422714482975607 2.952919024322144814220792 -0.2086778553199788721617125 -0.8158864501436038363380021 -0.1238939676145032198206763 0.5248172424376502664955524
1403638166.995096921920776 -10.44082012328602004913591 4.806874494602895175887625 2.869258227043176567860883 -0.2196799408927295194082774 -0.8107142921818115688381567 -0.1086278382361356847907174 0.5316794643219309168813425
1403638166.645097017288208 -10.64824400105055524079489 4.508796233351933580024706 2.789482985327698560951148 -0.1982574563853454208128824 -0.7972431684449335920206181 -0.1443627811905960067750954 0.5515946870324366368976143
1403638166.195096969604492 -10.9466792329015998319619 4.095102627823518304239769 2.604330137239459830311716 -0.2079111701001571943514534 -0.7927991686980466745637841 -0.1454205165754884343520814 0.5541617966065391920338357
1403638165.845097064971924 -11.18872171755436184525934 3.732958317356143584930805 2.637644757728756061965214 -0.2103171730634973701778989 -0.7694934701929430076461358 -0.1476141333226420326862893 0.5846850038169325580739155
1403638165.595097064971924 -11.32471623132222404706226 3.444478620152508163698712 2.690452279285280745568798 -0.2189879328596197605172335 -0.7753819024623579414523533 -0.1300647358803269371119171 0.5778497686043541081701846
1403638164.245096921920776 -11.56174791856637007469999 1.870618932646717968992789 2.51060036737894254343928 -0.1823251578657409943673429 -0.7942129157970126973609126 -0.09249685954136283028148569 0.5722129954531142148610456
1403638163.79509711265564 -11.46809261740491336922787 1.413817994904787544996339 2.317626491002806154995142 -0.1720270817461517220969824 -0.7975498827697942161307765 -0.1085422431480402571946087 0.567925566506899404117803
1403638163.395097017288208 -11.3375083952299604561631 1.00366461073432455819443 2.268409053219901494458099 -0.1415320667494289752497139 -0.8031785431542223241407896 -0.07978320010019061825357056 0.5731557754049676489671583
1403638162.945096969604492 -11.1329587641323382030123 0.5681784097689955848053955 2.164888585595605263733887 -0.108034198534730119245495 -0.8166058512621329201763842 -0.03997051037541216739201744 0.5655845241267964951248359
1403638162.395097017288208 -10.82677504878462038107045 0.1364956125479018511637008 1.988585781526467366475686 -0.1040693648392721215589773 -0.8193863319123136923494144 -0.03223989065768954886959108 0.5627932087610995059989705
1403638161.995096921920776 -10.60446948667871325255874 -0.1019427163729051122320612 1.887433674851172415998235 -0.08226459067402870639629242 -0.8178947530279223609994688 -0.03257595583789407028829643 0.5685239811932968345686845
1403638161.595097064971924 -10.37456516990295440905356 -0.2933345982783619465550373 1.797164736368874526917239 -0.04933747659221571213450375 -0.8258225904451935717176525 -0.01719978496264254128056415 0.5615042563606630343642223
1403638161.345097064971924 -10.23386779132636448252924 -0.398606029716397081141821 1.701938656158373364135628 -0.01516559684910369874832892 -0.8135079533831394149601124 0.01137952213405438346705001 0.5812446308832337482641606
1403638161.04509711265564 -10.03998551210040979242422 -0.507367888675356537575567 1.565047235445441220491603 0.04045607672155049350237732 -0.8068846964318432402052395 0.05933672204172722036696896 0.5863271662968850828079326
1403638160.79509711265564 -9.846711016593653553741206 -0.5651121737844104764292297 1.42552562350296119220161 0.07395201854070249103401125 -0.8228447557192635208878073 0.06572998154177669971609532 0.5595866121214654320681348
1403638160.54509711265564 -9.65435919930843944314347 -0.6069031284320847152713441 1.264270180984506275478907 0.07991734634313624185963931 -0.8268091642788976125544309 0.05998842496852883898750264 0.5535351953468696795113146
1403638160.29509711265564 -9.476442276375975026780907 -0.65316909691278957073024 1.077157824253118345581015 0.07732657967734221649003246 -0.8164132291059814638956027 0.06279396224616236310556161 0.5688118825425289015740304
1403638160.04509711265564 -9.290130913771834642034264 -0.6949613470886395472092545 0.9194674196139047683828949 0.06884937593105448783159517 -0.7947214955057333440890943 0.06987755113590368716280921 0.5989946876745105841521877
1403638159.79509711265564 -9.055040470295541155110186 -0.7107066619962075781913313 0.8104471351175693838442271 0.04742915562237416671198531 -0.7938310756605329032709051 0.097610469351281439753798 0.5983768835655439710663472
1403638159.54509711265564 -8.769341167708402551284053 -0.6639301361046915372909893 0.7529188788197951343050818 0.06108923135655817265865508 -0.8076175685764661604792991 0.07672279198399212241099576 0.581494266462777242843174
1403638159.245096921920776 -8.402887316329302080930574 -0.5598226003434425557259146 0.7254630267296867662807358 0.07528382028525691660458818 -0.8427976588722713158219335 0.06108447060987677590393474 0.5294271810674127110019072
1403638158.995096921920776 -8.129774049403682312231467 -0.4642770645343889390765924 0.6934494873805818748735419 0.07780584520842225015879734 -0.8260698591571036253355942 0.06415685347392428850010759 0.5544715830373021514532184
1403638158.745096921920776 -7.870860221423513714000819 -0.3592922557667360128341727 0.6927216696465565703988432 0.08843523879831888256930483 -0.8165448209479796437548771 0.05696735619620715840305536 0.5676164939902031969509721
1403638158.495096921920776 -7.600902215116470017619577 -0.2611218350554153633247267 0.7119085797125617176561718 0.08927527004834591439763614 -0.8180907329487105972276595 0.05888087601539841037245893 0.5650579804417384943704405
1403638158.245096921920776 -7.320639126707645161218352 -0.1636531979056940200312198 0.7119385771854160882554652 0.07553950167490833256245253 -0.8202148302327858520044401 0.06285984789967656582998501 0.5635512891254341738545008
1403638157.995096921920776 -7.0352099251067308216534 -0.05292261498485616166842505 0.682032868810914405521828 0.05806349951284681815133482 -0.8193828659777774303663023 0.03144125370247135425882945 0.5694311165821395182007336
1403638157.695096969604492 -6.681344632471792444050607 0.07583349018776179562006945 0.6470033497520776277767141 0.005260976442381400282333193 -0.8253855951928266154737912 -0.004159870547834720704016842 0.5645295712822150369092356
1403638157.395097017288208 -6.332666669625198530013677 0.1871183951793238542382625 0.6346715992468595635145334 -0.02517183005517425672947773 -0.836238581126052427094919 -0.009479981783352830690403401 0.5477057096227386789877301
1403638157.145097017288208 -6.068690650186214341488267 0.2816446003786430840598598 0.6150827243140405409249638 -0.02818140020670796552781923 -0.8366017338968952943289992 -0.00580529090278355305171365 0.5470554324020847625220654
1403638156.895097017288208 -5.833376451894539016507224 0.3900542657008919111838452 0.6351933642774297839039832 -0.02223331994060746136243623 -0.8330709267238702864233346 -0.002141580436338284213620975 0.5527150478909409470062997
1403638156.595097064971924 -5.578936968070745017200807 0.5437109146208958243562392 0.6716148400828210185409262 -0.02438329840656392952236153 -0.8320215568692070906564595 -0.002294763505989737533558026 0.5542024158411881229469031
1403638156.345097064971924 -5.38942927502381241566809 0.6927964855126697019116477 0.6649935232176543697946158 -0.04197196600360283968988995 -0.8273750933796778506135183 -0.02007504678545866602656922 0.5597193952520528315019988
1403638156.04509711265564 -5.166775854710841997530224 0.8942261422866777387241655 0.6443549171975977429838167 -0.09301782295490382268532414 -0.8107951076696520154030168 -0.06772380696091100105160621 0.5739098047275448255533092
1403638155.79509711265564 -4.962140436963221823418735 1.059700119283536690062419 0.6746543440979828609727065 -0.1386272976243539123419879 -0.7897462480331748357897936 -0.1140268394621806596900271 0.5865843638839669527129672
1403638155.54509711265564 -4.720635159064286767716112 1.199863065843881582139829 0.6902072556286086291166271 -0.1695984732806338768362764 -0.7888675753102895038537667 -0.153095194945463641822414 0.570513950547708814653447
1403638155.29509711265564 -4.459444505257322610702886 1.301765794760325833934189 0.6732146872382743785223624 -0.195283014203070565129039 -0.7887404114088791828862668 -0.165607979203207411611487 0.5588623309890775603392399
1403638155.04509711265564 -4.19045313128443108752208 1.37178997562101123719458 0.6184048245860391812556145 -0.2175646507436398702228786 -0.7884885425265426572849492 -0.1795208238818182533425016 0.5465562320968994081127335
1403638154.79509711265564 -3.91967941166402145114489 1.410546246125166547358276 0.5787332074592339559160337 -0.2404658600468528861782147 -0.7794657252182690676534094 -0.1854903200932060403083312 0.5479075601902253511710228
1403638154.54509711265564 -3.6410379981548737227115 1.422574540711757151711936 0.5836909161176089266831468 -0.2489435731401172247068132 -0.7667761260673330303561102 -0.1982626966553248659685948 0.5574705131218715692398291
1403638154.345097064971924 -3.404808591469501433124378 1.404578263128658743852384 0.6075920590114231023548541 -0.2491084902171059600739511 -0.7745200317838685233340357 -0.1954149542411133255725986 0.5476099671538251500990668
1403638153.695096969604492 -2.627107422891830523781209 1.265168434693487053976924 0.5739111525332082353045848 -0.2930477875105306773129143 -0.7804392557232306959491552 -0.2179466181520312018093932 0.5074808705729173530230014
1403638153.445096969604492 -2.353310452938357499874655 1.199629987477489390101937 0.525445306109120768844889 -0.3348218851653828043168915 -0.7615565695499676435176184 -0.2306310310154744414035122 0.5047130116435715185829736
1403638153.195096969604492 -2.103205154390912934303515 1.136676869109775500632509 0.4873972269544784019501549 -0.3572707294741095940260323 -0.7482916199072662255531441 -0.2435745273437899260926542 0.5030792453151355925200505
1403638152.945096969604492 -1.858138932938561360685981 1.081062917577585880124502 0.4326192952777543898612578 -0.3783795587715656494331995 -0.7312789374690548127588841 -0.2656365364820185148708731 0.5014950205174562025689511
1403638152.745096921920776 -1.663897447610173330190264 1.03617508747262565549363 0.4117519823574164461454927 0.3927119384002084045981462 0.729500438169954357192637 0.2793588467757006088554306 -0.4853504701511541230551927
1403638152.595097064971924 -1.527951387930067017606461 1.004700241260500614970397 0.4185205392293990800389736 0.3913930278892913117161356 0.7285447599997342260635946 0.2873811284296385326619827 -0.4831626200557009864766655
1403638152.395097017288208 -1.361114039526176044958561 0.9573149802056424295670922 0.4237688909273635839980443 0.3906110212302094653047391 0.728145972871775848389575 0.2844764926421814443813219 -0.4861065700215447815679681
1403638152.245096921920776 -1.245022553934074460713077 0.9186856461585809485725918 0.4111568094815727936186533 0.3918385978264301572338013 0.727352235854438866624605 0.2800791602023279813771239 -0.4888526386052597372255946
1403638152.095097064971924 -1.133767826231670827752396 0.878792461129887403359362 0.3825849105447289288939317 0.3929295208227112090604294 0.7268733917113059384007556 0.2783233662094956040178317 -0.4896912985850900845719025
1403638151.895097017288208 -0.9916471798784733948650683 0.8231546229358006616649845 0.3272231913426519867016395 0.3964006104912093930714434 0.7235439543260210326636184 0.2795689781341577639928175 -0.4911129082252717048540092
1403638151.695096969604492 -0.8559952927803695654773719 0.7675811718430520791400795 0.2844792980307743190948599 0.4079323838792943135445057 0.7158251689261601047320482 0.288172916067241380311259 -0.4879978157325023935264596
1403638151.54509711265564 -0.756444956222560582759229 0.7241310427102836122514873 0.2725429054914983995061561 0.4261226739560287080088585 0.7055520499252239119414298 0.3005486765538886162474341 -0.4798815110093162528137611
1403638151.395097017288208 -0.6588912377446184409635066 0.6790684467638810062339871 0.2739472662548274040084095 0.4503161887727895051902749 0.6906765015974133392617773 0.3198671882769844043714613 -0.4667614831303931177686195
1403638151.245096921920776 -0.5663697676090588828401451 0.6303703063723071764457018 0.2863446789155730254350374 0.4745181983722120966362468 0.6730865689696733378255544 0.3391623834386505165205961 -0.4547041101050626199508997
1403638151.095097064971924 -0.4804495419401792477565039 0.5786477095273836468436457 0.2911386227912466928557933 0.4968542233362553961484309 0.6580864581953010938875082 0.3513411564883628934730098 -0.4434157034322426249595139
1403638150.945096969604492 -0.4016807933385783124791146 0.5255887140309065674870226 0.2824889414143257893030636 0.512849491648661115483776 0.6513538436182038093846813 0.3537514951613162095256371 -0.4331090497676490236322877
1403638150.695096969604492 -0.282471259119637552181814 0.4456143863266771587561266 0.2532417716841640631386667 0.5320846797366743929913468 0.6427324623519299340301814 0.3560834427084215714209847 -0.4206963955841123703471851
1403638150.445096969604492 -0.1792248499206838818764709 0.3920835772203407065816805 0.2655084814974181250946117 0.5355124232208966494894753 0.632135566354471101213619 0.3772062912067471462940205 -0.4139401939892356496741854
1403638150.195096969604492 -0.1089784051302597478461109 0.3463452412524918866409962 0.3123252899733159337891664 0.5312045410165073811015191 0.6242629578207340435014316 0.3899009523128272869385569 -0.4196364408412363578015913
1403638149.945096969604492 -0.06635040717748336147607802 0.2963370168769952628373687 0.3291703940300269026764113 0.542783602657848418537867 0.6139609052015164714077855 0.3808027898028747415537509 -0.4282840212385339295764197
1403638149.695096969604492 -0.02946590412352834489895237 0.2419664954424557146150931 0.3129979778675553436784185 0.5510171002763962766479722 0.6062489535103547932948231 0.3862663314767825761819608 -0.4238403977183629045555335
1403638149.445096969604492 0.002929103664765466373542946 0.1834759847516516939602838 0.2628612908717180562945259 0.5564975453375936575994842 0.602083125726059820159719 0.3867905924333295275552302 -0.4221367424831016790243154
1403638149.195096969604492 0.03230231962444448517990381 0.1201587029060273009717363 0.1785705494808708382326046 0.5571470308725967601759521 0.6052023869104763420523341 0.3866875365587197355132787 -0.4168812851854355461256318
1403638148.945096969604492 0.05431869788014231231754181 0.06373997586747577603905057 0.0970265639788654571384896 0.5638038971472094651460338 0.608837797359468857472109 0.3811971872629573154789284 -0.4075909794032481214820507
1403638148.395097017288208 0.07041732221841812133789062 -0.006437060423195362091064453 0.03557087853550910949707031 0.5628458723695030085920621 0.5909710089567642432584194 0.3978049748166477272981467 -0.4191765648749505301928764
1403638628.977829456329346 -0.08498209531451654530354034 -0.05042914745180967356352753 0.141515501024651352279804 0.6438665576133855150686713 0.5057000445138747357631814 0.448328089021218678666969 -0.3587551331484139516270204
1403638628.327829599380493 -0.04797274831414835571941069 0.01257021143895202877627248 0.1781066995682468179218461 0.6451155325486773728371759 0.5197919426860315716965033 0.4444349129155369393373576 -0.340763692556699138158649
1403638627.52782940864563 -0.06370040043822655650984643 0.226591444932755292640536 0.2866415995566083396717261 0.6464217897218307307127816 0.5211359991057050722318422 0.437725087334855655907262 -0.3448954742043109922278177
1403638626.77782940864563 -0.1383786836151643662162769 0.6511290549044747022477964 0.3205959559045569173818535 0.6472647244657842025006289 0.5162282158282497368517738 0.4395723402313763128468338 -0.3483288149845285008865403
1403638625.927829504013062 -0.2585811142223363168213268 1.41496391333747095764295 0.4049625790673149206000403 0.6478223623744835402149533 0.5090668220199735527486951 0.4376675867445579681813683 -0.360033666535815422005129
1403638625.227829456329346 -0.2998844027699914538409587 2.158824853134036381163696 0.363942480425887893158432 0.6428094425441529535802943 0.5005973350785311026811542 0.447518548682165173691061 -0.3686807253895391656151048
1403638624.327829599380493 -0.3137887956606347228394327 3.085655556807820776299423 0.4050115000806020493229198 0.6529131901768333579028081 0.4857709434563604045109741 0.4597371600350922959954403 -0.3554893813737560193111165
1403638623.577829599380493 -0.3417604247340973455671076 3.752007111348270473882849 0.3404784162828692339886061 0.6442248580196993090751789 0.4890106085637078714434267 0.4639653565150407832362589 -0.3613573092875271286494865
1403638622.827829599380493 -0.4320016652461933781559367 4.213825281372743702945627 0.2908560158331889300420414 0.6202680889698806154797239 0.4811910924138044221010091 0.4934337554597079678053717 -0.3744940044382430444080967
1403638622.127829551696777 -0.6840529902079770518952273 4.313647980292262928969649 0.3337277192826647587153843 0.6341248922706638202484442 0.4926661487621712409712416 0.4711620157359293070697959 -0.3649274473018233044818714
1403638621.477829456329346 -1.050240516024623538271499 4.171788853718878087306621 0.4550270996164658132698833 0.6443515327737364684068666 0.4975155451194365752165538 0.4613773011999909301472655 -0.3527327182358610535573007
1403638620.927829504013062 -1.4490147781336990551182 3.962562719368805996822402 0.4870948415307856937950248 0.6606592679954665925379231 0.4893604095010841148472025 0.4489229390851293133302136 -0.3500341640294486467155366
1403638620.227829456329346 -1.953053431918823967805565 3.613454252540234001855879 0.5013755366937641122504488 0.6616291627428864119409013 0.46928494420041633183871 0.4568919573521829646800541 -0.3650592163770834397418241
1403638619.52782940864563 -2.34449322123832937236898 3.041065712866638293121468 0.6351152279825462709794692 0.6380115126292150717901563 0.5118670273882820476174516 0.4477060727499465042633631 -0.3612377727315965736387682
1403638618.927829504013062 -2.720196439256493903258161 2.473730749996365219089967 0.6176814488269061209635424 0.5673029507371867286025235 0.6063948797046542216193643 0.3858961692853981051420931 -0.401916357571715121554945
1403638618.377829551696777 -3.160367166376143455153169 1.991168699413845111223509 0.5141739992406338943808919 0.562221804139049097237546 0.617751643531697425260063 0.3720915862959510711505118 -0.4047683303721795744500866
1403638617.877829551696777 -3.648472297997364055532898 1.634297390989861042953635 0.3602253275807119070606177 0.566679226334135699438832 0.6162700428761266335797586 0.3738722203377111696909196 -0.3991308702099506944271923
1403638617.227829456329346 -4.421939551416720348697709 1.350653293714076719211903 0.2503523240607559707804342 0.5780481455307212579342035 0.5978329268711548571957337 0.3782261807376975926153762 -0.4066953272435487320990433
1403638616.727829456329346 -5.066229439366791709176141 1.290593175681099324947354 0.3834912487674663195136304 0.5806123931035110929954612 0.5924045199019355445457791 0.3711000733186656241890944 -0.417409714018795174883536
1403638616.127829551696777 -5.82618567895067762663075 1.324552455680702456319864 0.5239608237907783516718041 0.5035886417433820261280175 0.6418003984898803526704114 0.3421884926997823539451815 -0.4662593311335845869258776
1403638615.677829504013062 -6.38912148131264334693924 1.328841483675628154514925 0.4081052149536170126076229 0.4589230757594487397632577 0.6739024852107897700648209 0.3143892956149657580411372 -0.4862143784020936942980029
1403638615.227829456329346 -6.971655645928995781446247 1.308572263744821384534589 0.2882879826206167783730905 -0.3715462407603413730328157 -0.7325854606636685861786873 -0.2332871404258397562969662 0.5204315938843389055534772
1403638614.627829551696777 -7.714403615252609647257032 1.376617739944422602604845 0.1616599858327801286783654 -0.2573535480914667106233651 -0.7718482214116459960706607 -0.162863850461212156250923 0.5581172283681625767570722
1403638614.227829456329346 -8.17532007685319328516016 1.481361970000820260651153 0.2269600227361453781416145 -0.212749197160732761435753 -0.7805228902363130494279631 -0.1441751999437770326295549 0.5698555155877571554157157
1403638613.727829456329346 -8.697381261759339565742266 1.600569074190037577309909 0.3830020336336824593459482 -0.1520343136544429762935238 -0.7919768225798662353298596 -0.09874510162763606990754539 0.5830160245417529418787694
1403638613.227829456329346 -9.152662185705596087359481 1.713435701041084557871841 0.4140707336713194686161899 -0.1401855269939747128393748 -0.801502293927485176538994 -0.09688850395954454186586702 0.5731969196104270691805027
1403638612.727829456329346 -9.604580361276656930158424 1.790184237659829147304436 0.5318661256531922454371397 -0.1327068669281733503950704 -0.8022160362383564669030989 -0.09759462187451746484345705 0.5738585265144171554396735
1403638612.227829456329346 -10.03968176797902955854624 1.838257679013759693376073 0.6275461539365718710570263 -0.1395511774999084741999411 -0.805244724869756622886996 -0.07841738091969585600082837 0.5709265419452090872809435
1403638611.677829504013062 -10.51674039197909138465548 1.945759616337195296864593 0.7876862608985429892172192 -0.1173523824936503201499249 -0.8000885057759318241821234 -0.1048139909737403063783034 0.578878941182401129950108
1403638611.177829504013062 -10.89983072404423225520986 1.994388224482683824589913 0.958402957440794955878971 -0.1353525600812212348333929 -0.7913840602816240021866179 -0.07664471577283632486299325 0.5911992398132220882800425
1403638610.77782940864563 -11.11255190915024293474289 2.046296026150644653540667 1.129190103769806885480875 -0.135624851302989068990712 -0.787390106742494100267038 -0.08254609327707670973772736 0.5956583433460650445212536
1403638610.27782940864563 -11.23741635382994630276698 2.135647344543212255985054 1.401014440624136492274943 -0.1374193627546529128391484 -0.7951040773355676494205113 -0.08117282512622439605287639 0.585095203710890299220182
1403638609.77782940864563 -11.24075479961690149366405 2.267804104710973156500131 1.632337014722100354546797 -0.1370859174938583446845541 -0.8045762645187221062670346 -0.08085572046926503553265775 0.5721248449992032414357368
1403638609.177829504013062 -11.1621404847383818292883 2.520202647679248730838708 1.958262280563703550129162 -0.1384432861627554744998747 -0.8043481960868255065122412 -0.07695076003330439395888618 0.5726569797868736877433093
1403638608.827829599380493 -11.05501972979060631985249 2.726611017723459262640517 2.118819330956728919090892 -0.1327604069267422637334874 -0.7971526729616102979747438 -0.08565539922128773131504431 0.582739601303230325690663
1403638608.327829599380493 -10.78761089885456136983066 3.05126652132259135186132 2.453094164293063705883924 -0.132057017397096743138718 -0.8011893074967272321273981 -0.08552293430298375798148669 0.5773581777521691327237363
1403638607.727829456329346 -10.34141513952813262733343 3.53280687214921185201888 2.737806784752334632315751 -0.1284661347258278241145746 -0.8109952552683449278347894 -0.07382152749174461514591883 0.5659801500402849017135054
1403638607.27782940864563 -9.972657642311538950252725 4.00770632505984636395624 2.843971213710909218264078 -0.1410672948053449671235171 -0.8207777271726698353759843 -0.08588367066158249241158984 0.5468527553439418431580066
1403638606.727829456329346 -9.613009058896114567005498 4.748195332712085381388079 2.932431211178077035128808 -0.2139785546940300708929072 -0.8149685660563447120452452 -0.1492686037605807924943946 0.5174536678800198963301682
1403638606.177829504013062 -9.476012269401616450181791 5.581445071366328392059586 2.995789643236348442911776 -0.1855053296258476203117738 -0.7963791405939230072519308 -0.2017738525356902457019714 0.539124614110870870042902
1403638605.577829599380493 -9.500073823212972001783783 6.276751658856978721701125 2.921650947432425482475082 -0.1984266017851932517590541 -0.7951605466818354450708739 -0.1807686571336545033883425 0.5437547988778772545259699
1403638605.077829599380493 -9.636984022685284756448709 6.762539122730985674536441 2.848228303331332256220776 -0.2247748655667627937226882 -0.7964405114282179232176873 -0.1456516980759408608214756 0.5421663530808580322428725
1403638604.727829456329346 -9.769045276887302620139053 7.152400409555317750687209 2.837987684183120862257965 -0.2148423102475598422955727 -0.7830001153291850091164861 -0.1589630934239184278933266 0.5616799231333383657371883
1403638604.377829551696777 -9.880783549479261296255572 7.535425545906419664277109 2.823045311168953297453754 -0.2031471169164617285307628 -0.7700926423916341079234371 -0.1741272161202233048626908 0.5791099063468186924907855
1403638603.927829504013062 -9.95789586571943452497635 7.902218001332367514066846 2.881688135349867785350853 -0.1990234217945996142429266 -0.7687509671181402826078966 -0.1795624181418130904663855 0.5806625234360814902245806
1403638603.52782940864563 -9.951477963792754621863423 8.105970646366957410577925 2.898349675738872033292637 -0.2325250876346096340352432 -0.779382980489276899760398 -0.1490700843846830825345506 0.5623809769948764358815652
1403638603.02782940864563 -9.787116553810287555847935 8.33879515606443888486865 2.776589525016044834870854 -0.2681388273720045622994235 -0.7240790776575835030470785 -0.1969381177539345495475231 0.6041741771456696774578177
1403638602.577829599380493 -9.306065992727226898750814 8.38896507770810373472159 2.581546328810268686737572 -0.3371994992077405606245577 -0.6890411625958500208000146 -0.2724443217636207670295789 0.5807692015950650654687593
1403638602.177829504013062 -8.673573141439225864246509 8.232748217273201163379781 2.500769654793596252773114 0.4088741942447971511320759 0.7081316504263913680361497 0.3175467808082933496294231 -0.4801411260695679916743472
1403638601.727829456329346 -7.968591199146301207179022 7.962909156379328834418629 2.390157301603270223466779 0.4938411957893522608031844 0.6556371032421405287138327 0.356692415867351286795639 -0.4461293340011506236564287
1403638601.327829599380493 -7.352102021684419952407552 7.694281016263532002597003 2.355626292856721981650026 0.542350283109890973776146 0.6321415084245992632716593 0.3793570937422587885379244 -0.4029162185426649611663663
1403638600.877829551696777 -6.667188285416456139387265 7.479302825925257636185961 2.332582418461456530422993 0.5768382046015086972445829 0.6139778782112929045311489 0.3362994465778090247276566 -0.4209412465068330111428452
1403638600.427829504013062 -5.807427994793229686365521 7.423169394041561730546164 2.317927184766433335028069 0.5726363641614524713219225 0.6045133606680045401660095 0.3396997894375861082316703 -0.4373273879713994727325144
1403638599.877829551696777 -4.445179372937992035019761 7.5144886685219267619118 2.4040627507664567019674 0.5314167071206732373411796 0.630383109690873744135331 0.3816983257431477705168277 -0.4177556780396436963975759
1403638599.52782940864563 -3.520143981206461880617553 7.622004785997694042976036 2.386888443620805766443027 0.5334385066059289526307907 0.623017806883629288172699 0.3934266221982006817015076 -0.4153404205247346880902626
1403638599.02782940864563 -2.151607753207737339096184 7.768522158525599685674479 2.33181513724605693482772 0.5880763281918527374259043 0.5613053311832355563026908 0.4361256662814421702911716 -0.3858716893168436801175858
1403638598.77782940864563 -1.453213625671489594992636 7.824841076689265761956449 2.358871416008827548438376 0.6137115834901912814203229 0.5327129952411349123053697 0.453438421491754173331401 -0.3660171511094075236236733
1403638598.27782940864563 -0.01546006940716420155479405 7.909677804905610898345003 2.424871631869340404819013 0.6173608510658020742667418 0.5154199647562838215719694 0.4817329715005731483046247 -0.3480534207146474545702119
1403638597.877829551696777 1.096099867639689584564167 7.927830476093097544776356 2.45335386353356721400587 0.6092731126989820999995118 0.5152207630922492898051246 0.5134123182726809675457957 -0.3158189843353391701441524
1403638597.377829551696777 2.284945977116458859512704 7.882441782354870696281068 2.463274742649629978075154 0.6099040928900711922011624 0.522031957022851655914053 0.51830507952993265519126 -0.2947193204666117560819316
1403638596.877829551696777 3.151356063926177508704995 7.822921989711912438281161 2.338200514794410711516548 0.6111330842310012112506001 0.5319844658445245233480136 0.5113693588607810536217357 -0.2863743359254344311715101
1403638596.427829504013062 3.577651230181752683989771 7.82061316379782489605077 2.23816455528194158119959 0.6269415077993445439830111 0.5182585859192582189436393 0.4948859212026021636710027 -0.305680076083979179735195
1403638595.977829456329346 3.752988235957003038123503 7.855539290836743404611298 2.294609907071600396477606 0.6476181756006141876369497 0.4948081740521010352118481 0.4692603442496225407687405 -0.3399269021976396021322842
1403638595.477829456329346 3.871975638357224358543363 7.885115632897885085128564 2.2878095317244286910352 0.6517183165162655500424194 0.4885384819966732683482746 0.4636506002114815228054567 -0.348742753973647123810764
1403638595.02782940864563 3.975470705883363820021259 7.879843385315242976218997 2.243019341472676231319383 0.6485888955871133010333551 0.4890126022349126633237404 0.4656306888604871963011078 -0.351265114931494648597976
1403638594.52782940864563 4.082927187551362635531405 7.815605300176262204558952 2.046804881645773566134494 0.6387254615305986149564887 0.492653199118528006827944 0.4781873552573331909165688 -0.3473607108796283315932385
1403638594.077829599380493 4.129088501005543143662635 7.681467785782258417270896 1.884269852820928514702814 0.6484527374925306286712612 0.4753423420212216088387436 0.4797067921287050951129061 -0.3513404313565556824627834
1403638593.627829551696777 4.122746495390734899899599 7.445295064333956602808939 1.752167981293011544963178 0.6604427533269274785965308 0.4805607256917927005979152 0.4774016996659102285427423 -0.3239820607018623621620179
1403638592.927829504013062 4.027194022894025948744456 7.075191564953680511962375 1.484967931003931207456503 0.6838766922736861930687269 0.4793488475302231655028606 0.4422359112284405813220189 -0.3270546605021852903938395
1403638592.727829456329346 4.026217234649784870725853 6.998180457267308973712261 1.398460404438057747000812 0.6844705479959450888927108 0.4655210527631917782898086 0.454010687354731157228116 -0.3296430101307549764833027
1403638592.327829599380493 4.078232772986216225774569 6.841146161801447078687488 1.2240858996746655229515 0.7076544097107078101771549 0.4184187522184362739707808 0.4792713523076801429567695 -0.3073271141082804525090921
1403638591.77782940864563 4.260636831589018846955241 6.652453283574558895452356 1.19722463670919099243406 0.7295610856103043051490431 0.4227121935162138077757277 0.4619642120321758027579051 -0.2750347080230355345520366
1403638591.27782940864563 4.575526104128099902368376 6.644579526513126666031894 1.249196116778169995953363 0.7188198271049149878919593 0.4211854369644080775536565 0.4771285167053586628860273 -0.2797306961999433960741612
1403638590.727829456329346 5.029490319242880147498909 6.750604146975058839075245 1.201921808492576904114912 0.7060273182421717974577291 0.415054352017562688814678 0.4946301539856929885274894 -0.2908544679648881747802136
1403638590.27782940864563 5.438833499474577060084357 6.855549919917862666807196 1.272476140677656353261682 0.7012209378447651353383208 0.4140014994538529502499102 0.5009541517452202885607448 -0.2931499490487700088081624
1403638589.52782940864563 6.152004390346931472777214 7.016131002335730393326685 1.294512438915847996057096 0.6980729662111855304829078 0.4160867682047545423884571 0.5024382574100800802341382 -0.2951639081269288866771205
1403638589.077829599380493 6.585777055556337522546073 7.088018342433230145616108 1.363364359532881264769344 0.6987114197465612575044247 0.4165791599190862837254201 0.5013722069533602665458716 -0.2947712087900882793611856
1403638588.52782940864563 7.119534634409764528584219 7.147344525556348138195517 1.351379184995029181237669 0.696295354118831588685623 0.422982990123248914215992 0.5036636003621365320626069 -0.2873693573942365797613263
1403638587.977829456329346 7.607315588945360751438329 7.185055003108650417686931 1.457255026882748216721097 0.7005350498120787028355494 0.4177914395382678058865622 0.498410808621052026090581 -0.2937475495779313106048392
1403638587.52782940864563 8.004591685239532239393156 7.214051444043540151085381 1.512322498398701808852707 0.698946106017460100368055 0.4208575498992831454003749 0.4992147767111924094862729 -0.2917839445360149719377318
1403638587.077829599380493 8.404975109813552336390785 7.24145679993647384264932 1.529444674099211143314392 0.6943415793632440324856248 0.4190857888704707101545921 0.5059367836335674217806968 -0.2937428189772336994955992
1403638586.577829599380493 8.805308748100474147690875 7.244311078538721027086922 1.604705421720616476122245 0.6904026189816666603249473 0.4237608625261699013542227 0.5118827760963724493592508 -0.2859142854601766647881789
1403638586.02782940864563 9.199213149917174092706773 7.224473347677227152985324 1.521174484828849093887015 0.707740525537614684203902 0.425604102235964454337136 0.4848666369530720832159432 -0.2878694861243156766228424
1403638585.627829551696777 9.504463781969750613143333 7.242644960332616399512062 1.441275521949920701558767 0.6976555037647405033141013 0.4233990713943105443917148 0.4983863894284462081607501 -0.292610716211280930121319
1403638584.927829504013062 10.04573337601792637485687 7.315284679610528861815055 1.441363730707004853215381 0.6950557545649692636757777 0.4231441349393466611061854 0.5020293608500059345800537 -0.2929386624484519585642772
1403638584.477829456329346 10.34567617224048774460243 7.333926375832295896373125 1.400722060119312217807419 0.6757723744883159522345295 0.4154083689377229826611426 0.5284897188898970421533363 -0.3024337975865156735721939
1403638584.077829599380493 10.52340261816594946253645 7.262852920191108729852658 1.377493764223453265316266 0.6952980597911139204470032 0.4259857940228773398594342 0.5030825918687341635759935 -0.2863644829584287010426635
1403638583.677829504013062 10.6492911795210396519451 7.172682071764484135201201 1.265230639752147334675669 0.7005634240898527265173357 0.4273474988363941684532676 0.4960451050759670521550504 -0.2837679647105220137603965
1403638583.227829456329346 10.75171146559153712018997 7.087874987258788728183845 1.128198225471161109112472 0.7009183988200808901325445 0.4258263548082912852699167 0.4956059357867964032529073 -0.2859371786932771719591528
1403638582.77782940864563 10.81786658008900658956009 7.022686528073775136249424 0.906166415703397842840161 0.6913211640524226098136751 0.4233289611874763713750269 0.5062446244917621074321801 -0.2942516251889364942151417
1403638582.377829551696777 10.81769604821100649871823 6.950793432564106311133401 0.7116009011562169916942366 0.6911465682740527416427767 0.4223211774951347030615523 0.5062768747591457341172827 -0.2960489322497806274903098
1403638581.977829456329346 10.77433319571913727941137 6.856830687077086317060548 0.6457324786499630819847084 0.6833674543601806483650307 0.417454690335974765158511 0.5161170010959255094462605 -0.3039140421525970414684537
1403638581.477829456329346 10.62882562134175223889088 6.689393845721056663933268 0.5832043548745509120578845 0.6947107385481458008413824 0.4326185345307652641011487 0.4903367385150271817728651 -0.2996465854782748294837802
1403638580.977829456329346 10.42907444373352454647375 6.511016946446388509173175 0.5229844083587180669780992 0.6972055827612232414836058 0.4334363531690723636558005 0.4817548131850826198530058 -0.3065119950199085563369295
1403638580.577829599380493 10.25993080657311296022272 6.345194075031352909377347 0.5900218862983764855911772 0.711639159127407494587203 0.3825794460492655812977603 0.5140517666836603716262744 -0.2880164158975687671571109
1403638580.227829456329346 10.08555535712348927290805 6.139241857668092272604099 0.6782989753620645156928504 0.7373426756848381335984755 0.3013567104398174323343085 0.5654738419940704696742273 -0.2138907331028640501635607
1403638579.927829504013062 9.867191462796808920643343 5.924720370241044697934285 0.7161390380237238062477445 0.7834686630982048427540576 0.1983855511155397932654409 0.572664471194157309597017 -0.1373878833216802541894452
1403638579.577829599380493 9.54097262914931043553679 5.668686373956720814248911 0.7152337999562321524393838 0.804418411998032212295584 0.1250450932392036806906077 0.5707058019576080054591216 -0.1075622178429131853283351
1403638579.127829551696777 9.060220079219213573651359 5.315518105513388213978487 0.6394146379957006409711084 0.8070634181141533858294679 0.1369633253747365997377017 0.5684924600719025722384004 -0.08189022826680635025464738
1403638578.677829504013062 8.534150039874017323882072 4.993251246875218818388475 0.6377856438635481906018754 0.8103264745452544159931563 0.1240769559206012923047169 0.5642327999221365963933295 -0.09806763560197968854215134
1403638578.227829456329346 7.973914950308325089167738 4.648649928522659457996724 0.5874630935782618745832906 0.8106238375129708462196731 0.1305118528303915725885531 0.563406173633972939818193 -0.09181031444041749811635356
1403638577.877829551696777 7.52975219622520786089126 4.38192397050957449522457 0.5553987481006429360874677 0.811696745183238976828477 0.1378231126808621698209834 0.5624684776045352219142615 -0.07604206185481197921571805
1403638577.577829599380493 7.133335298380431233056242 4.188628895319128631058447 0.5265303531013821869422031 0.8099730717800711632392563 0.1409899911543870121288791 0.5650485067313075759898311 -0.06917825110655166642725789
1403638577.127829551696777 6.496792703176477168369729 3.962575647280479618217441 0.4409800313968661455987785 0.8101629538217994808135813 0.1328800547453669878006366 0.5652817514042515201211359 -0.08022107475562302580929241
1403638576.727829456329346 5.891233474666225156113342 3.824925958664217695570642 0.4301612956943792753783384 0.8204616188613235161497528 0.1481885575724019299403977 0.5490363253520497144322121 -0.0586685335080532610607662
1403638576.327829599380493 5.278791970437000102833736 3.803252857625331717628114 0.356480673121102431544216 0.8232752428916778608680715 0.1354456848880499220122431 0.5455681387712538743528512 -0.07891607469030541277543733
1403638575.977829456329346 4.770772663048096440263635 3.849193715324726650095499 0.2389494395385419744926025 0.8277301964420780144848777 0.1313470360802265202160299 0.5390353808414077851907109 -0.08397342563012023808344253
1403638575.677829504013062 4.366846080551453290752306 3.926515652178145465711623 0.1960272692083600831747248 0.8249110604365196275367111 0.1191475308143500472235488 0.5448691872638629085656703 -0.09188676205394309681739884
1403638575.227829456329346 3.817052912661773600433435 4.049042032176378924646087 0.2208546612431888656047363 0.8185967876363354767121905 0.09820172168572562088062483 0.5570265004535701613974652 -0.09988592954906221066391225
1403638574.77782940864563 3.291707993258879305642495 4.137277415830556748232993 0.1690574779163694918437955 0.8062873550869066319179979 0.1093263962099935149296925 0.5734081719006181021569546 -0.09566351716452406450663659
1403638574.427829504013062 2.862380592487353325736876 4.189156077766673647033713 0.135723572498499062133348 0.7964243316324765009639464 0.14845737112251958245146 0.5672841004230684269771245 -0.1478426269732232567477581
1403638574.02782940864563 2.337476370961863558761706 4.166549260674413446281505 0.1022099546218427773558446 0.7776933184698826551084494 0.2585213479594992702637057 0.5445423167623653082358715 -0.1784193944378832108466071
1403638573.677829504013062 1.849716287921821633588593 4.139607564745146461859804 0.00568196347941522100777334 0.7787839469861174146458893 0.3098046597143594982348702 0.510326036924605652700393 -0.1925719937395371506028141
1403638573.327829599380493 1.372101441083190431768912 4.185283304958381300764358 -0.05971770702063255997771307 0.7770492614066085712565268 0.3099692060446420094343978 0.5090537229686090681113342 -0.2024298490423219742950778
1403638572.977829456329346 0.9197630879103402268270884 4.303402588774808634752844 -0.09593813029085249133309787 0.777810259250216629034469 0.3024173411132535238543539 0.5131907562515194420882381 -0.2004749363314390075974103
1403638572.627829551696777 0.4906839586741926217960952 4.486013630407176933090341 -0.1287146294477588270854795 0.774184073273410544580031 0.2988479888692602282063149 0.5119173885219643338473361 -0.221967311934531119632652
1403638572.177829504013062 -0.005884001067149769934050418 4.764736613430456735329699 -0.1128006631740372800454253 0.7415099243365824710494394 0.3521786425953930543819581 0.4942044750684421727804363 -0.2861733262069468541888284
1403638571.727829456329346 -0.4267321921141709606395409 5.001549656247897601701879 -0.04733026228329079848622385 0.6974400523436187215864379 0.4220399503126231466332285 0.4749974920445633741472591 -0.3314167109221018425735394
1403638571.327829599380493 -0.7360217934870887379616988 5.160461755080867796152688 0.001086942265254252186490458 0.6806263080690686528839706 0.4454955768529886284134989 0.4601611832210400487852553 -0.3557150618476883074947636
1403638570.977829456329346 -0.937709874312851021649351 5.239489286011806079557118 0.1247001482909926295405967 0.6495041213901481258474746 0.4712311281445112354226978 0.4259658862263210332699259 -0.4178979348313269226444788
1403638570.577829599380493 -1.009208575441848498854824 5.242193200344647863175851 0.2681517203842228025401084 0.5961476954892114266115755 0.5659056702539347893932131 0.3824850809778203575284294 -0.4219761372005974009447016
1403638570.177829504013062 -0.9705155593537921898672494 5.242343406536933869688255 0.3485388479698171559917341 0.557619852633526869034597 0.6047720730092865926152967 0.4002357688924895184889863 -0.4038838557754589331239004
1403638569.677829504013062 -0.9837219791902974685982031 5.267704362363184067419297 0.3595749629351030485224783 0.5576750914347228249567934 0.6103412194465364093431958 0.4007063952778879833971359 -0.3948626001803531848644013
1403638569.177829504013062 -1.140476839789214213993773 5.350501187624907117879047 0.4211166927493253386849403 0.5600840858188814719298421 0.611771511122758848699732 0.3955859425897798598015243 -0.3944023288678195071632615
1403638568.677829504013062 -1.444191015204097316981802 5.539017901390849374365644 0.527854994601023141953533 0.5602289078582600723166252 0.6107163300972237029995426 0.3947813314960711417178629 -0.3966318636402138553265218
1403638568.327829599380493 -1.747280749892377027521206 5.728635207763789871648896 0.659216739484743130539357 0.558305132924699409890934 0.6063209217507022907867054 0.3970360461208919389264338 -0.4037730754743331651468452
1403638567.827829599380493 -2.294272890536163789221291 6.079249382571799031893534 0.8734797459321606005744343 0.5573117175212121132688026 0.6063545237387721886790359 0.3940354934495167160690698 -0.4080120965818040401629219
1403638567.52782940864563 -2.691319875766689850848934 6.336866069326203998457459 1.093254737055457503913658 0.5483335447441752830144424 0.5996382074456915178828353 0.3995357614940671098224811 -0.4244237495321880326848429
1403638567.127829551696777 -3.280456988980508636899458 6.677392837480854659304441 1.463273219355921028750345 0.5593054517562479066583592 0.6098716710556623121775033 0.3790452153907438725966017 -0.4141964282425648069541069
1403638566.77782940864563 -3.846144400719034184277234 7.029349687704890214945408 1.763206278466312726393994 0.5663914964507407168170516 0.6066736668208825289383412 0.3767697633079294949887128 -0.4113298921684180875502079
1403638566.627829551696777 -4.10395673956534068338442 7.205626163863038335932742 1.884803699063135384861312 0.5571828734202385335905205 0.5913983827885449517935967 0.393588312229010806042595 -0.4299807424513089615381034
1403638566.327829599380493 -4.637923917792437400464678 7.566904235813479928651759 2.086717206756924181121349 0.5549548290970075514749738 0.5844184578349691516763187 0.4027983899550371948983241 -0.4338590333891152450718209
1403638565.827829599380493 -5.594177874175048970073476 8.144803004268387880415503 2.285504636803611155926319 0.5525402761068898271901162 0.5808190528489288739777407 0.4014836024569156114338853 -0.4428988463358337068775938
1403638565.427829504013062 -6.391734023845726753165764 8.539170691083066699889059 2.474685301829269601370243 0.5628693439865762870866206 0.5713810223331945437053037 0.3764962681166139080168875 -0.4636295816833280181157306
1403638564.977829456329346 -7.205117543892606057909234 8.921070217314889916337961 2.719181395672766843318868 0.5619737013708230310982117 0.5677757964407719182275969 0.3764022570184097915557686 -0.4691881763802994709244842
1403638564.577829599380493 -7.820256503644086087945198 9.211753933985862730082772 2.725835303572539114469464 0.5535496253317568893237421 0.5732708609798163879034405 0.3880763212786255689223935 -0.4629687906429336141655995
1403638564.177829504013062 -8.360167046865875306593807 9.405347240987364187958519 2.702146528420135584980244 0.5668318509681636863106746 0.564882226787291386038703 0.3862113834647873944483365 -0.4587488309195473235035934
1403638563.827829599380493 -8.758918107493530058604847 9.505689705987492743588518 2.68822230363638947636673 0.5744405170272464111747013 0.5594200374645759143987789 0.3930785216671289217238439 -0.4500628732572672929812541
1403638563.377829551696777 -9.172516011391083523562884 9.525249213243617063540114 2.753886100772368727973571 0.5692324881714411199951087 0.5627356632249750356677964 0.3930494797141506624349461 -0.4525649723977022143017734
1403638562.827829599380493 -9.541119535515681704396229 9.403706902715191162656083 2.786923360044791131429065 0.4995198398742526912919004 0.6357280471231959717570703 0.3402483833414303715514393 -0.4801674888062201218552616
1403638562.427829504013062 -9.734940347266883620136468 9.269442664885877647407142 2.753383076514988925254102 0.4256375416984535808850865 0.6887904203570954786428615 0.3072871908855747680178183 -0.4999750216149255743758317
1403638562.077829599380493 -9.890366006885662031322681 9.123812451931986089448401 2.786283879653550510369087 -0.3946129138644361433740926 -0.7098340490691394943922887 -0.2841074631604499911574635 0.5096069273175781733087319
1403638561.727829456329346 -10.03490122167107934103569 8.934208043993692172080046 2.863863011369873756706284 -0.3848989583943845382840721 -0.7159884603501487365662115 -0.2694750964882143273726456 0.5163298256395895124981621
1403638561.27782940864563 -10.1804297999237682859075 8.64347022243007678810045 2.882090768085313836621708 -0.3800569070983632613547343 -0.6993841158277188663205948 -0.2507461462663271301032353 0.5509491592037254470426433
1403638561.02782940864563 -10.19929711761706769834746 8.449618673509018407230542 2.887180288446860476625488 -0.3467764692720660124614085 -0.7240830832518065918179673 -0.2215506414126370005046596 0.5535025584379954510794164
1403638560.577829599380493 -10.105418954771668182957 8.064866813314754523389638 3.009714188900778797375324 -0.2455531955545638966853517 -0.771158158171603047570386 -0.1677730652330748917222536 0.5629128900821349645866576
1403638560.177829504013062 -9.934564383380600105510894 7.684405144507009843835021 3.124095892617287706372053 -0.148479514634307918630185 -0.8079640433605929095151055 -0.1027910487388952187615132 0.5608760457262557119761937
1403638559.827829599380493 -9.772598488782039183320194 7.334441357528548088851039 3.166334145905146169042155 -0.1066578600345741839605651 -0.8165173245811109259406635 -0.08189444555952248017138828 0.5614417684303943945067772
1403638559.377829551696777 -9.581066924171549814559512 6.832999442205093032498553 3.220485525498431478297334 -0.1134288109204976968680256 -0.8178888407531716975285008 -0.07824431820957167271757271 0.5586318785143881138210986
1403638559.02782940864563 -9.445170580019821571227112 6.408734099702418696153927 3.200419069326878140913095 -0.1245304876299203195033627 -0.8222597162631393175047378 -0.06611448561547897395662687 0.5513710107117680836452678
1403638558.627829551696777 -9.335073846837053324065892 5.9446478892611667177448 3.078541352503676442609049 -0.1200984621033406585244308 -0.8368350827860829843629631 -0.06956307320972911212297873 0.5295699977004364455979157
1403638558.27782940864563 -9.338535360999166812234762 5.556855184661324997819065 2.988503891826556735367149 -0.1166155905577801604744437 -0.8294514867231151944437784 -0.0708095387966821143699292 0.5416613743170868300325083
1403638557.77782940864563 -9.464507287301984206351335 4.991187792631845532298485 2.948453540145830942265093 -0.1119667267654479853034033 -0.8135906672868223887817862 -0.07366243534062434650255824 0.5657804554956836762258376
1403638557.377829551696777 -9.596080159894055938707425 4.51246418221117195912484 2.872416222869343283008448 -0.1233455722880268251584468 -0.8129600584033240817660726 -0.05785228432346740251590589 0.5661580401587169575350345
1403638554.977829456329346 -10.96609523481854253645906 2.38490908599774398268778 2.574673915528226775251142 -0.07681815154817910051843199 -0.8132055555314645634013004 -0.03237888734519492328622903 0.575975089478503621265304
1403638554.477829456329346 -11.32679931024356001501019 2.023203051190212153898074 2.502868160167154520934218 -0.06421546408422490470613297 -0.8179253187998086760401861 -0.04990813563858768203695959 0.5695469471744705192151059
1403638553.877829551696777 -11.75777621386726146113233 1.532569623423810423190616 2.368836478458776095834537 -0.0643466322393170808702223 -0.7916453293540702818020804 -0.04935273059724330085851207 0.6055753391725428036451717
1403638553.327829599380493 -11.91009212150700236065859 0.9934755920403680606867169 2.249504002952608328058659 -0.08133822040681609744083858 -0.7909100724620531375208543 -0.03175773247250106290362481 0.6056705355284565106543937
1403638552.927829504013062 -11.83539569826778148353696 0.5927674965309471799557173 2.239370762204154985397508 -0.09456538462288155422186264 -0.8008043171980485652738935 -0.03011638978173557593120968 0.5906461179544044703959571
1403638552.677829504013062 -11.74204775506201414714269 0.3625610740673704257552856 2.207055610567751458006569 -0.1034275479723522489505783 -0.7965377568901484961472192 -0.02709193202960905391685209 0.5950599729336030208060038
1403638552.377829551696777 -11.57373860515654939717933 0.1239974688532965024778676 2.124757206612908344567359 -0.1037215859194509232077408 -0.8086442573662151467317472 -0.02983807415214026481642406 0.5783130527438301582421332
1403638552.077829599380493 -11.35227147015557669362806 -0.07156545611993092581570863 2.010610916302836503888329 -0.09200998085959845307346683 -0.8055250121193551215981188 -0.02457556295584767749873301 0.5848586666689074009539695
1403638551.77782940864563 -11.09273718459790458723546 -0.2222863343639848721089436 1.939774134721333087583162 -0.06068812093137781332741199 -0.8120957196063330885138498 0.0213570999600379632377134 0.5799666959888192252492445
1403638551.477829456329346 -10.80072344038499920770846 -0.2981838728274411876029149 1.858412279746455508799841 0.009583852895527458087832073 -0.8117315623301591953620004 0.04887649331936324420544437 0.5819030064207590946523396
1403638551.177829504013062 -10.46837299300731949358578 -0.3038851108549838753170036 1.739698026636920191734248 0.03398967163598677621028088 -0.8038140191773556209042795 0.05581199776725694061685346 0.5912805981099422680813404
1403638550.927829504013062 -10.13918019179384444328207 -0.2663793605683326681798917 1.653775020650549487655212 0.03733629720305899762911039 -0.8116814976147423976726714 0.05046628761945458341298121 0.580717057744099873772825
1403638550.677829504013062 -9.78339698894586895505654 -0.2048280812624910796060362 1.549034431657736687881766 0.03945874423581436502006525 -0.8224312423756590106904696 0.04891819511563711558865819 0.5653820560067250866609356
1403638550.377829551696777 -9.350545719323088533769806 -0.1037194935656541444624068 1.386097196737943182398567 0.04469677309662585529270729 -0.827280116018682343259627 0.04012929725162810851157857 0.5585691072883955943240153
1403638550.077829599380493 -8.920802742018331343842874 0.01259966902673185888683616 1.196030484739399657456715 0.04314101366415120514252735 -0.8271038321228771916793221 0.03966995551283542670306659 0.5589851504801276460554504
1403638549.77782940864563 -8.505196854703982012324559 0.1410395115334511229043812 1.070592986804903112840748 0.04491884695299577096028187 -0.8251033895815811369800485 0.03847157060800523303845111 0.5618777731360730109955171
1403638549.477829456329346 -8.107853057773546368025563 0.2809576503760193300074377 0.9805663355721210283633127 0.0467034047944482055836346 -0.8272615935271547815688109 0.03961635893221202020519911 0.5584689713497728025259903
1403638549.177829504013062 -7.707645755996971104195836 0.4245457142710291620346652 0.8628233401154762338691739 0.05333707151991987777117643 -0.8281171926566486263254774 0.0343504793585443710113303 0.5569534240813933667624269
1403638548.877829551696777 -7.320211476913478954031689 0.567229032135008970350043 0.7821699337847142219359853 0.05213489396985672430506753 -0.8288897760913416234984652 0.03107978936386878235365039 0.5561094663958668915526573
1403638548.627829551696777 -7.000448025827240350338343 0.683001217257964476914367 0.7537094308916225671168831 0.03992834096201895721645059 -0.8293719398839799472611389 0.02196341396778066223927084 0.5568352730996708466193468
1403638548.327829599380493 -6.626186802315920942874072 0.8195881506169119257165789 0.7060468480386188350195198 0.00206756600436142990231958 -0.8300724475013222525277001 -0.005151921201771479143227683 0.5576279357940321368403147
1403638548.077829599380493 -6.320717933661800458366997 0.9219254996451581307681522 0.7021819362526301455673661 -0.02195890920665652737420181 -0.8290494609845030504757801 -0.02588108854404561065543078 0.5581442168503897294229432
1403638547.77782940864563 -5.97077517390701562050026 1.021320257430058608960621 0.7562535849039651036918031 -0.02756356444546050749044852 -0.8283310161899937185125964 -0.02517277993184565895723459 0.5589940148903356220699834
1403638547.52782940864563 -5.690025330282150406446817 1.090807377480106588052422 0.7942326500225401764154753 -0.02385895024682318024678018 -0.8282836123314148979446259 -0.02475243337528356540877539 0.5592533639401238154675866
1403638547.27782940864563 -5.417720875076042830187362 1.149507483431402743434546 0.8060969005399689635282812 -0.01350436516545385975951454 -0.828205885028759469790316 -0.03650739829561009536229577 0.5590705268522868642833146
1403638547.02782940864563 -5.152416139538525285956894 1.183276810756958008497008 0.7951075346995385428883196 -0.02126009007880083623298617 -0.8273213465715066883277018 -0.02892453416409759489602571 0.5605807429802960317744009
1403638546.77782940864563 -4.893573564081042270856869 1.201657435340259594269696 0.7513237821289758811005299 -0.034659249683694819121893 -0.8262847684963788852385846 -0.02784326668702113982689639 0.5614952985221193237919124
1403638546.52782940864563 -4.647585555815844315930008 1.213174486142972741120616 0.7448675186067333919837097 -0.05217032067716523280331842 -0.825524210099053190603513 -0.03549231165196792964211525 0.5608282553459443819932062
1403638546.227829456329346 -4.364403461152371654918625 1.219962897667831835946117 0.7522955142948359874566222 -0.06107485814129772622171899 -0.8241282629923943892080729 -0.05127867484492752703229002 0.5607610590494916946724402
1403638545.977829456329346 -4.135484391905253964694111 1.218913202531860306976341 0.7175279787023571831383606 -0.103113684517974174559285 -0.818923580149223395707736 -0.07286642876661506007529567 0.5598412466936553144591926
1403638545.77782940864563 -3.950764945975049347026697 1.216393881344747907036208 0.696922384921069060226273 -0.1496440080348909185126161 -0.8097392395391689312589278 -0.09932607772307447402404534 0.5586263197289690340952006
1403638545.577829599380493 -3.764599585867803188676817 1.212556678202929782983688 0.7052520779556952223998678 -0.1794397497883842840238344 -0.8019128340005879929108801 -0.1209132186316086987609708 0.5568816538737583199392134
1403638545.077829599380493 -3.297942968226484694582723 1.192631450171743878740926 0.7601497103005724342850158 -0.1902513567673166372529181 -0.8004217463485503447628844 -0.1274408002703629472218694 0.5539749918967292741101005
1403638544.77782940864563 -3.00940641236353334520004 1.181232659987979882743048 0.7320882935195056617772025 -0.1906065176541283101574464 -0.7963173115348890496179024 -0.1312651830016597909178699 0.5588536002471080621489818
1403638544.52782940864563 -2.761523580919684750512033 1.173241714503629129495721 0.6971632755520449364894375 -0.1966290753783760114625778 -0.8031926236812897412775669 -0.1312898291110176363094553 0.5467920964606298728227785
1403638544.377829551696777 -2.613274479296203267608689 1.170243604638296686104582 0.6849231822660741819674968 -0.1972969413912031011459902 -0.8030001584450378038226859 -0.1309035017163249214888765 0.5469268101796844749884485
1403638544.177829504013062 -2.413440018060845737579712 1.172468212782449725750666 0.6538476895385569864771469 -0.2040207148010510507241122 -0.8016430540208665522783349 -0.1398451523506091531690032 0.5442309208747708737519133
1403638543.927829504013062 -2.178010086682430568316704 1.182021451239433584845528 0.5900821258725832407776579 -0.2307911461590156920742345 -0.7934885806907968630596883 -0.1745591575516642346421747 0.5353881019249171480112182
1403638543.727829456329346 -1.994300597728190460600217 1.187632852356451884645594 0.5625647298821768726995174 -0.2763419917018110627537908 -0.7798523241619256252121772 -0.1980639377252207400381678 0.5255817088658046865035089
1403638543.577829599380493 -1.863420611251370706540342 1.189181110646632344440832 0.5565926251769705013217049 -0.3036023130779447742888522 -0.7688701995757031282252569 -0.2107927299260057563135007 0.521757296746755971916798
1403638543.427829504013062 -1.735982634472332586383914 1.187618892245976276456076 0.5455335380641342934993077 -0.3167547020952727887532774 -0.762544202097928724981557 -0.218182573718948946694951 0.5201818557704067647051716
1403638543.27782940864563 -1.611699767662139848312108 1.18598164840849107370957 0.5257423376888280541763265 -0.3167420206812296967768816 -0.7615532825613241518780683 -0.219893803621253880464792 0.5209201525030695556495175
1403638543.077829599380493 -1.448428486070167497956618 1.183618983866163487661538 0.4802543429087933191112825 -0.3122266914767500844973824 -0.7635498439311796392559017 -0.2205297399679727043952937 0.5204543810477650911394676
1403638542.977829456329346 -1.368726662376085423389327 1.182336528948595200105842 0.4496428373791401256198697 -0.3077147584743324393308228 -0.7629819356557263620999265 -0.2256346515507875183370601 0.5217846273125329448205889
1403638542.827829599380493 -1.250608178369946310581895 1.174808439584470010075279 0.4100691960243236233729647 -0.2992856948376331760464097 -0.7603966867786268180040565 -0.2383730204108414629793344 0.5247887715470435088249701
1403638542.727829456329346 -1.172800542980157567640731 1.162456932073551829631697 0.3917139241719735931468449 -0.2940167842540704623566228 -0.7589145387575290113701953 -0.2504563897169272967957454 0.5242847034668327577122682
1403638542.577829599380493 -1.061745286124114562298359 1.128499689534529393242224 0.3779606929736697429333958 -0.3028260743010367517236148 -0.7539886450912380855271522 -0.2557348110080417402656394 0.5238293598449620391832582
1403638542.427829504013062 -0.956164298240859911182099 1.078835206868885787656609 0.3694777533103299482775128 -0.3368420776400152250040776 -0.7502410654778904897099778 -0.2447905617188205762424502 0.5135692156809454900212586
1403638542.177829504013062 -0.7848749334958428081066018 0.9903581191603388900190907 0.3436261633279819593944637 0.3902396285758298333234961 0.7282161881687649884753455 0.2709071772333289107592691 -0.4939873651232608575689653
1403638541.927829504013062 -0.6214317824654590483035577 0.8987519022205709973150078 0.2864568633006165931931264 0.4282362441054503032766831 0.7045773557136437714731869 0.3031966959927690496989783 -0.4777616901647675495823364
1403638541.677829504013062 -0.4711153774896600920918388 0.7965007514085791218150234 0.2077997094053095905596962 0.4459866137190818813351711 0.6932331327465856007918887 0.3266225676818756973318614 -0.4624299539677765857881298
1403638541.427829504013062 -0.3538556589534052609913317 0.6855352815022510704068281 0.1665775950440921693296303 0.4514034426429172075501128 0.6931808538000889807761951 0.3266134783794695239933503 -0.4572295612008985266072614
1403638541.177829504013062 -0.2668339622882260897540618 0.571381061168720227883 0.1636420531809177070226013 0.4610196758637885028342396 0.6858251029450267433063004 0.3353004761499689956316672 -0.4524139446684806720178074
1403638540.927829504013062 -0.2031349703928079231118886 0.4541284617587267868898948 0.16095011082055796225454 0.4978823102788641485894061 0.6603707138095832318569478 0.3593207569874514173413615 -0.4323335738199931554959221
1403638540.677829504013062 -0.1661986179244343830863073 0.3362680207699378920338518 0.1442117317305113555203633 0.5495316620030871179736209 0.6191443810044838791384336 0.3766150827983168469792474 -0.4157358143527167260167232
1403638540.427829504013062 -0.1462608384627289981327891 0.2278632349564718717616074 0.1256489232385200605079945 0.574060164848141374349666 0.5981411128283427025564833 0.3883687299232177481123074 -0.4023081727939707974428529
1403638539.677829504013062 -0.1247339148414671333719994 0.05416399524065138026962529 0.05896332266970117502724591 0.5764369596299008247086704 0.5874649737920296654891672 0.3957774771296534987996552 -0.4073886654499025428144421
